POS Tagging Metrics:
Accuracy: 0.9092610837438424

Classification Report:
              precision    recall  f1-score   support

         DET       0.89      0.91      0.90        81
       PUNCT       1.00      0.45      0.62        86
         ADJ       0.84      0.65      0.73       489
          VF       0.95      0.81      0.88       419
         VNF       0.90      0.72      0.80       147
         NNP       0.65      0.69      0.67       772
        PART       1.00      0.60      0.75         5
         ADV       0.87      0.66      0.75       145
         NNC       0.77      0.88      0.82      1770
         PRO       0.96      0.89      0.92       123
        CONJ       0.95      0.93      0.94        97
          QF       0.94      0.83      0.88       177
        INTJ       0.00      0.00      0.00         4
         OTH       1.00      0.56      0.71         9
          PP       1.00      1.00      1.00      5826

    accuracy                           0.91     10150
   macro avg       0.85      0.71      0.76     10150
weighted avg       0.91      0.91      0.91     10150

NER Tagging Metrics:
Accuracy: 0.9147783251231527

Classification Report:
              precision    recall  f1-score   support

           1       0.43      0.47      0.44       159
           2       0.35      0.41      0.38       104
           3       0.71      0.51      0.59       382
           4       0.60      0.48      0.53        65
           5       0.72      0.52      0.60        94
           6       0.57      0.35      0.43        23
           7       0.45      0.74      0.56        23
           8       0.87      0.94      0.90      3050
           9       0.90      0.76      0.82        96
          10       0.00      0.00      0.00         3
          11       0.00      0.00      0.00         8
          12       0.39      0.42      0.41        26
          14       0.82      0.93      0.88        60
          15       0.00      0.00      0.00        14
          16       0.64      0.52      0.57       162
          17       0.17      0.08      0.11        24
          18       0.94      0.74      0.83        23
          19       0.93      0.77      0.84       126
          20       1.00      0.99      1.00      5708

    accuracy                           0.91     10150
   macro avg       0.55      0.51      0.52     10150
weighted avg       0.91      0.91      0.91     10150
